1 -4.0354 0.4038 -6.7936 C
2 -3.1822 0.3463 -7.8902 C
3 -1.8041 0.0878 -7.7231 C
4 -0.8771 0.1269 -8.8313 C
5 0.4734 -0.0782 -8.7051 C
6 1.4061 0.2628 -9.7553 C
7 2.7463 0.4055 -9.539 C
8 -4.4326 0.2759 -4.3275 C
9 -3.5555 0.1966 -5.4814 C
10 -2.1756 -0.0833 -5.3086 C
11 -1.3218 -0.1248 -6.4028 C
12 0.104 -0.4781 -6.2021 C
13 1.0246 -0.5287 -7.3965 C
14 2.5551 -0.5926 -7.2142 C
15 3.3574 0.1689 -8.2577 C
16 4.6644 0.4437 -7.9747 C
17 -4.7823 0.4663 -1.8776 C
18 -3.9612 0.278 -3.048 C
19 -2.4537 0.2746 -2.8407 C
20 -1.7121 -0.5413 -3.9334 C
21 0.6858 -0.0893 -4.8549 C
22 2.1554 -0.4023 -4.7162 C
23 3.0082 -0.3122 -5.7825 C
24 4.4227 -0.1005 -5.5783 C
25 5.2425 0.2487 -6.6613 C
26 6.6333 0.5052 -6.425 C
27 -4.2752 0.5221 -0.6065 C
28 -2.8844 0.2708 -0.3131 C
29 -2.0572 -0.2023 -1.4489 C
30 -0.6004 -0.4897 -1.2325 C
31 0.2937 -0.4831 -2.4273 C
32 1.7554 -0.6123 -2.1657 C
33 2.7059 -0.6 -3.366 C
34 4.1228 -0.3364 -3.1606 C
35 4.9535 -0.1005 -4.2304 C
36 6.3743 0.1658 -4.0174 C
37 7.1782 0.4446 -5.1621 C
38 -2.3089 0.3348 0.9282 C
39 -0.8857 0.1707 1.14 C
40 -0.0278 -0.1385 0.0814 C
41 1.4037 -0.0218 0.2213 C
42 2.2581 -0.2121 -0.8567 C
43 3.7065 0.2229 -0.7491 C
44 4.6505 -0.4846 -1.7496 C
45 6.0826 0.0228 -1.5817 C
46 6.8864 0.2075 -2.7112 C
47 -0.3166 0.4461 2.4369 C
48 1.0393 0.4764 2.6283 C
49 1.9548 0.2783 1.5447 C
50 3.3447 0.3183 1.7322 C
51 4.2526 0.1895 0.6715 C
52 5.6422 0.2222 0.826 C
53 6.5259 0.2056 -0.2686 C
54 7.9341 0.464 -2.5703 H
55 7.5845 0.3777 -0.0911 H
56 6.0507 0.3283 1.8281 H
57 3.731 0.4402 2.7419 H
58 1.448 0.6772 3.6147 H
59 -0.9917 0.643 3.2643 H
60 -2.9175 0.602 1.7886 H
61 -4.9374 0.7354 0.2281 H
62 -5.8494 0.6041 -2.0318 H
63 -5.4992 0.3868 -4.5103 H
64 -5.0911 0.6113 -6.9421 H
65 -3.573 0.5083 -8.8906 H
66 -1.2719 0.4237 -9.8006 H
67 0.9909 0.495 -10.7321 H
68 3.3877 0.7472 -10.3471 H
69 5.3018 0.8647 -8.749 H
70 7.2617 0.7572 -7.2741 H
71 8.2371 0.638 -5.0174 H
72 -1.6082 -1.5903 -1.2627 O
73 0.4514 -1.751 -6.8037 O
74 2.277 -1.9008 -2.7069 O
75 -0.2053 -0.4439 -3.6817 C
76 -2.1022 -1.9361 -3.9015 O
77 -2.0691 1.6726 -2.9212 O
78 4.7479 -1.902 -1.4256 O
79 3.7299 1.6389 -1.1943 O
80 2.9527 -1.975 -7.4777 O
81 0.5649 1.3949 -4.7871 O
82 2.3223 -2.5119 -6.9658 H
83 1.0735 1.7663 -5.5252 H
84 3.909 -2.2936 -1.7372 H
85 3.1542 2.1197 -0.5824 H
86 -1.1489 1.7178 -3.2325 H
87 -1.878 -2.247 -3.0044 H