  1   -6.083956   -1.483907    0.000329      C          12
  2   -4.726951   -1.482454    0.000166      C          12
  3   -4.003306   -0.262505    0.000237      C          12
  4   -4.715257    0.953369    0.000516      C          12
  5   -6.133271    0.919266    0.000698      C          12
  6   -6.798589   -0.263453    0.000598      C          12
  7   -2.047541   -1.156912   -0.000153      H           1
  8   -6.623864   -2.409923    0.000261      H           1
  9   -4.180355   -2.405772   -0.000043      H           1
 10   -2.585259   -0.228394    0.000050      C          12
 11   -3.991585    2.173341    0.000606      C          12
 12   -6.671011    1.847771    0.000904      H           1
 13   -7.870358   -0.281156    0.000735      H           1
 14   -2.634605    2.174790    0.000433      C          12
 15   -1.919957    0.954307    0.000142      C          12
 16   -4.538196    3.096650    0.000809      H           1
 17   -2.094673    3.100793    0.000497      H           1
 18   -0.848188    0.972038    0.000004      H           1