  1   -0.270499    1.358087    0.000002      C          12
  2   -1.311419    0.444712    0.000032      C          12
  3   -1.040895   -0.913300   -0.000003      C          12
  4    0.270577   -1.358071    0.000008      C          12
  5    1.311394   -0.444786    0.000009      C          12
  6    1.040843    0.913359   -0.000021      C          12
  7   -0.479977    2.409361   -0.000004      H           1
  8   -2.326552    0.789047   -0.000056      H           1
  9   -1.846583   -1.620358   -0.000064      H           1
 10    0.479932   -2.409370   -0.000046      H           1
 11    2.326567   -0.789007    0.000043      H           1
 12    1.846614    1.620321   -0.000028      H           1