9
gaussian
1;2;3;;;;;;;;
A;A;A;;;;;;;;
--;844.3988;844.6008;922.8454;;;;;;;
masses;--;1.0221;1.0221;1.0450;;;;;;
consts;--;0.4294;0.4296;0.5244;;;;;;
Inten;--;0.0001;0.0001;0.0041;;;;;;
Atom;AN;X;Y;Z;X;Y;Z;X;Y;Z
1;6;0.00;0.00;0.02;0.00;0.00;-0.02;0.00;0.00;-0.03
2;6;0.00;0.00;-0.03;0.00;0.00;-0.01;0.00;0.00;-0.03
3;1;-0.30;0.17;0.17;0.30;0.31;0.07;-0.17;0.31;0.20
4;1;0.30;-0.17;0.17;-0.30;-0.31;0.07;0.17;-0.31;0.20
5;6;0.00;0.00;0.00;0.00;0.00;0.03;0.00;0.00;-0.03
6;1;-0.05;-0.44;-0.02;-0.32;0.06;-0.18;0.35;-0.01;0.20
7;1;0.05;0.44;-0.02;0.32;-0.06;-0.18;-0.35;0.01;0.20
8;1;-0.36;-0.08;-0.15;-0.21;0.35;0.11;0.19;0.30;0.20
9;1;0.36;0.08;-0.15;0.21;-0.35;0.11;-0.19;-0.30;0.20
4;5;6;;;;;;;;
A;A;A;;;;;;;;
--;944.8107;945.2450;1202.2978;;;;;;;
masses;--;לאנ.59;לאנ.47;םג.92;;;;;;
consts;--;םג.75;םג.87;1.0810;;;;;;
Inten;--;38.1014;38.0956;טכ.10;;;;;;
Atom;AN;X;Y;Z;X;Y;Z;X;Y;Z
1;6;0.27;0.09;0.00;-0.06;0.28;0.00;-0.11;0.06;0.00
2;6;-0.20;0.21;0.00;-0.19;-0.20;0.00;-0.03;-0.05;0.00
3;1;-0.22;0.16;-0.03;-0.33;-0.26;0.01;0.20;0.11;0.02
4;1;-0.23;0.16;0.03;-0.33;-0.26;-0.01;0.20;0.11;-0.02
5;6;-0.08;-0.26;0.00;0.29;-0.07;0.00;0.02;0.07;0.00
6;1;-0.08;-0.42;0.01;0.25;-0.11;-0.03;-0.01;-0.33;-0.02
7;1;-0.07;-0.42;-0.01;0.25;-0.11;0.03;-0.01;-0.33;0.02
8;1;0.35;0.01;-0.02;-0.17;0.32;-0.02;0.48;-0.30;0.00
9;1;0.35;0.01;0.02;-0.17;0.32;0.02;0.48;-0.30;0.00
7;8;9;;;;;;;;
A;A;A;;;;;;;;
--;1202.4859;1265.1809;1266.1566;;;;;;;
masses;--;םג.96;םג.46;1.0079;;;;;;
consts;--;1.0817;םג.36;0.9520;;;;;;
Inten;--;טכ.17;0.0001;0.0001;;;;;;
Atom;AN;X;Y;Z;X;Y;Z;X;Y;Z
1;6;0.00;-0.03;0.00;-0.10;0.06;0.00;0.00;0.00;0.00
2;6;0.10;0.04;0.00;0.10;0.05;0.00;0.00;0.00;0.00
3;1;-0.46;-0.25;0.01;-0.35;-0.19;0.00;-0.36;-0.20;0.00
4;1;-0.46;-0.25;-0.01;-0.36;-0.19;0.00;0.36;0.19;0.00
5;6;-0.01;0.10;0.00;0.00;-0.11;0.00;0.00;0.00;0.00
6;1;-0.01;-0.46;0.01;0.01;0.39;0.00;0.01;0.41;0.00
7;1;-0.01;-0.46;-0.01;0.01;0.41;0.00;-0.01;-0.40;0.00
8;1;-0.05;0.03;0.02;0.35;-0.21;0.00;-0.34;0.21;0.00
9;1;-0.05;0.03;-0.02;0.33;-0.21;0.00;0.35;-0.22;0.00
10;11;12;;;;;;;;
A;A;A;;;;;;;;
--;1290.0825;1328.7290;1328.9141;;;;;;;
masses;--;פוג.95;םג.49;םג.49;;;;;;
consts;--;פוג.40;םג.30;םג.34;;;;;;
Inten;--;0.0000;0.0000;0.0000;;;;;;
Atom;AN;X;Y;Z;X;Y;Z;X;Y;Z
1;6;0.12;0.20;0.00;0.00;0.00;0.07;0.00;0.00;0.15
2;6;0.11;-0.21;0.00;0.00;0.00;0.09;0.00;0.00;-0.14
3;1;0.17;-0.32;-0.05;0.39;-0.04;-0.05;0.03;0.40;0.08
4;1;0.18;-0.32;0.05;-0.39;0.04;-0.05;-0.03;-0.40;0.08
5;6;-0.24;0.01;0.00;0.00;0.00;-0.16;0.00;0.00;-0.01
6;1;-0.37;0.01;-0.05;0.40;-0.04;0.09;0.04;0.39;0.01
7;1;-0.37;0.01;0.05;-0.40;0.04;0.09;-0.04;-0.39;0.01
8;1;0.19;0.31;0.05;-0.39;0.03;-0.04;-0.04;-0.40;-0.08
9;1;0.19;0.31;-0.05;0.39;-0.03;-0.04;0.04;0.40;-0.08
13;14;15;;;;;;;;
A;A;A;;;;;;;;
--;1616.2025;1616.2833;1656.7080;;;;;;;
masses;--;1.0908;1.0908;םג.09;;;;;;
consts;--;םג.87;םג.89;2.0714;;;;;;
Inten;--;פוג.76;פוג.92;0.0000;;;;;;
Atom;AN;X;Y;Z;X;Y;Z;X;Y;Z
1;6;0.04;0.06;0.00;0.01;0.00;0.00;0.05;0.08;0.00
2;6;-0.01;0.04;0.00;0.03;-0.05;0.00;0.04;-0.08;0.00
3;1;0.12;-0.24;-0.19;-0.19;0.33;0.27;-0.15;0.27;0.26
4;1;0.12;-0.24;0.19;-0.19;0.33;-0.27;-0.15;0.27;-0.26
5;6;0.03;0.01;0.00;0.06;-0.01;0.00;-0.09;0.00;0.00
6;1;-0.20;-0.01;-0.14;-0.42;0.02;-0.30;0.31;-0.01;0.26
7;1;-0.20;-0.01;0.14;-0.42;0.02;0.30;0.31;-0.01;-0.26
8;1;-0.24;-0.40;-0.33;-0.04;-0.03;-0.03;-0.16;-0.26;-0.26
9;1;-0.24;-0.40;0.33;-0.04;-0.03;0.03;-0.16;-0.27;0.26
16;17;18;;;;;;;;
A;A;A;;;;;;;;
--;3264.4975;3264.6541;3284.1427;;;;;;;
masses;--;1.0521;1.0521;1.0668;;;;;;
consts;--;טם.61;טם.68;טם.91;;;;;;
Inten;--;31.1545;31.1614;0.0009;;;;;;
Atom;AN;X;Y;Z;X;Y;Z;X;Y;Z
1;6;0.03;0.04;0.00;0.01;0.01;0.00;0.02;0.04;0.00
2;6;-0.02;0.03;0.00;0.02;-0.03;0.00;0.02;-0.04;0.00
3;1;0.10;-0.19;0.35;-0.10;0.19;-0.34;-0.10;0.19;-0.35
4;1;0.10;-0.19;-0.35;-0.10;0.19;0.34;-0.10;0.19;0.35
5;6;0.01;0.00;0.00;0.05;0.00;0.00;-0.04;0.00;0.00
6;1;-0.07;0.00;0.12;-0.29;0.01;0.47;0.21;-0.01;-0.35
7;1;-0.07;0.00;-0.12;-0.29;0.01;-0.48;0.21;-0.01;0.35
8;1;-0.15;-0.25;0.47;-0.04;-0.07;0.14;-0.11;-0.18;0.34
9;1;-0.15;-0.25;-0.47;-0.04;-0.07;-0.14;-0.11;-0.18;-0.35
19;20;21;;;;;;;;
A;A;A;;;;;;;;
--;3347.5313;3347.5966;3371.6220;;;;;;;
masses;--;1.1180;1.1180;1.1150;;;;;;
consts;--;טכ.12;טכ.16;טכ.82;;;;;;
Inten;--;0.0002;0.0002;62.6805;;;;;;
Atom;AN;X;Y;Z;X;Y;Z;X;Y;Z
1;6;0.00;0.00;0.07;0.00;0.00;-0.05;0.00;0.00;0.06
2;6;0.00;0.00;-0.07;0.00;0.00;-0.04;0.00;0.00;0.06
3;1;0.14;-0.25;0.43;0.06;-0.12;0.21;-0.11;0.20;-0.34
4;1;-0.14;0.25;0.43;-0.06;0.12;0.21;0.11;-0.20;-0.34
5;6;0.00;0.00;0.01;0.00;0.00;0.08;0.00;0.00;0.06
6;1;0.02;0.00;-0.03;0.31;-0.01;-0.48;0.22;-0.01;-0.34
7;1;-0.02;0.00;-0.03;-0.31;0.01;-0.48;-0.22;0.01;-0.34
8;1;0.14;0.22;-0.40;-0.09;-0.15;0.27;0.12;0.19;-0.34
9;1;-0.14;-0.22;-0.40;0.09;0.15;0.27;-0.12;-0.19;-0.34