12
gaussian
1;2;3;;;;;;;;
A;A;A;;;;;;;;
--;466.3882;466.3937;698.1835;;;;;;;
Red.;masses;--;פוג.79;פוג.79;6.1641;;;;;
Frc;consts;--;0.3522;0.3522;םג.03;;;;;
IR;Inten;--;0.0000;0.0000;0.0000;;;;;
Atom;AN;X;Y;Z;X;Y;Z;X;Y;Z
1;6;0.00;0.00;-0.07;0.00;0.00;0.22;0.13;0.12;0.00
2;6;0.00;0.00;0.22;0.00;0.00;-0.05;0.32;-0.15;0.00
3;6;0.00;0.00;-0.16;0.00;0.00;-0.17;-0.12;-0.25;0.00
4;6;0.00;0.00;-0.07;0.00;0.00;0.22;-0.13;-0.12;0.00
5;6;0.00;0.00;0.22;0.00;0.00;-0.05;-0.32;0.15;0.00
6;6;0.00;0.00;-0.16;0.00;0.00;-0.17;0.12;0.25;0.00
7;1;0.00;0.00;-0.16;0.00;0.00;0.51;-0.22;0.05;0.00
8;1;0.00;0.00;0.52;0.00;0.00;-0.12;0.35;-0.06;0.00
9;1;0.00;0.00;-0.36;0.00;0.00;-0.39;-0.29;-0.05;0.00
10;1;0.00;0.00;-0.16;0.00;0.00;0.51;0.22;-0.05;0.00
11;1;0.00;0.00;0.52;0.00;0.00;-0.12;-0.35;0.06;0.00
12;1;0.00;0.00;-0.36;0.00;0.00;-0.39;0.29;0.05;0.00
4;5;6;;;;;;;;
A;A;A;;;;;;;;
--;698.1862;783.5049;819.7777;;;;;;;
Red.;masses;--;6.1641;1.0848;פוג.45;;;;;
Frc;consts;--;םג.04;0.3924;1.0669;;;;;
IR;Inten;--;0.0000;152.5107;0.0000;;;;;
Atom;AN;X;Y;Z;X;Y;Z;X;Y;Z
1;6;-0.11;0.33;0.00;0.00;0.00;0.03;0.00;0.00;0.16
2;6;0.14;0.12;0.00;0.00;0.00;0.03;0.00;0.00;-0.16
3;6;0.27;0.09;0.00;0.00;0.00;0.03;0.00;0.00;0.16
4;6;0.11;-0.33;0.00;0.00;0.00;0.03;0.00;0.00;-0.16
5;6;-0.14;-0.12;0.00;0.00;0.00;0.03;0.00;0.00;0.16
6;6;-0.27;-0.09;0.00;0.00;0.00;0.03;0.00;0.00;-0.16
7;1;-0.01;0.35;0.00;0.00;0.00;-0.41;0.00;0.00;0.38
8;1;0.02;-0.23;0.00;0.00;0.00;-0.41;0.00;0.00;-0.38
9;1;0.09;0.28;0.00;0.00;0.00;-0.41;0.00;0.00;0.38
10;1;0.01;-0.35;0.00;0.00;0.00;-0.41;0.00;0.00;-0.38
11;1;-0.02;0.23;0.00;0.00;0.00;-0.41;0.00;0.00;0.38
12;1;-0.09;-0.28;0.00;0.00;0.00;-0.41;0.00;0.00;-0.38
7;8;9;;;;;;;;
A;A;A;;;;;;;;
--;994.5061;994.5118;1077.6843;;;;;;;
Red.;masses;--;םג.66;םג.66;לאי.25;;;;;
Frc;consts;--;0.7264;0.7264;4.1005;;;;;
IR;Inten;--;0.0000;0.0000;0.0000;;;;;
Atom;AN;X;Y;Z;X;Y;Z;X;Y;Z
1;6;0.00;0.00;-0.08;0.00;0.00;0.02;0.05;-0.27;0.00
2;6;0.00;0.00;-0.02;0.00;0.00;0.08;0.26;-0.09;0.00
3;6;0.00;0.00;0.06;0.00;0.00;0.06;0.21;0.18;0.00
4;6;0.00;0.00;0.08;0.00;0.00;-0.02;-0.05;0.27;0.00
5;6;0.00;0.00;0.02;0.00;0.00;-0.08;-0.26;0.09;0.00
6;6;0.00;0.00;-0.06;0.00;0.00;-0.06;-0.21;-0.18;0.00
7;1;0.00;0.00;0.55;0.00;0.00;-0.15;0.06;-0.30;0.00
8;1;0.00;0.00;0.15;0.00;0.00;-0.55;0.29;-0.10;0.00
9;1;0.00;0.00;-0.40;0.00;0.00;-0.41;0.23;0.20;0.00
10;1;0.00;0.00;-0.55;0.00;0.00;0.15;-0.06;0.30;0.00
11;1;0.00;0.00;-0.15;0.00;0.00;0.55;-0.29;0.10;0.00
12;1;0.00;0.00;0.40;0.00;0.00;0.41;-0.23;-0.20;0.00
10;11;12;;;;;;;;
A;A;A;;;;;;;;
--;1136.2011;1136.2149;1147.9039;;;;;;;
Red.;masses;--;םג.13;םג.13;טם.72;;;;;
Frc;consts;--;םג.09;םג.09;5.0364;;;;;
IR;Inten;--;לאנ.94;לאנ.95;0.0000;;;;;
Atom;AN;X;Y;Z;X;Y;Z;X;Y;Z
1;6;-0.05;0.12;0.00;-0.09;-0.05;0.00;-0.06;0.28;0.00
2;6;-0.06;-0.08;0.00;0.11;-0.06;0.00;0.27;-0.09;0.00
3;6;0.11;0.01;0.00;0.02;0.11;0.00;-0.22;-0.19;0.00
4;6;-0.05;0.12;0.00;-0.09;-0.05;0.00;-0.06;0.28;0.00
5;6;-0.06;-0.08;0.00;0.11;-0.06;0.00;0.27;-0.09;0.00
6;6;0.11;0.01;0.00;0.02;0.11;0.00;-0.22;-0.19;0.00
7;1;-0.16;0.11;0.00;-0.50;-0.14;0.00;-0.06;0.28;0.00
8;1;-0.20;-0.48;0.00;0.09;-0.17;0.00;0.27;-0.09;0.00
9;1;0.32;-0.22;0.00;-0.18;0.35;0.00;-0.22;-0.19;0.00
10;1;-0.17;0.11;0.00;-0.50;-0.14;0.00;-0.06;0.28;0.00
11;1;-0.20;-0.48;0.00;0.08;-0.17;0.00;0.27;-0.09;0.00
12;1;0.32;-0.22;0.00;-0.18;0.35;0.00;-0.22;-0.19;0.00
13;14;15;;;;;;;;
A;A;A;;;;;;;;
--;1155.8855;1155.8907;1199.6058;;;;;;;
Red.;masses;--;םג.52;םג.52;םג.96;;;;;
Frc;consts;--;1.1061;1.1061;םג.36;;;;;
IR;Inten;--;0.0000;0.0000;0.0000;;;;;
Atom;AN;X;Y;Z;X;Y;Z;X;Y;Z
1;6;0.00;0.00;-0.11;0.00;0.00;0.02;0.00;0.00;-0.08
2;6;0.00;0.00;0.03;0.00;0.00;-0.10;0.00;0.00;0.08
3;6;0.00;0.00;0.07;0.00;0.00;0.08;0.00;0.00;-0.08
4;6;0.00;0.00;-0.11;0.00;0.00;0.02;0.00;0.00;0.08
5;6;0.00;0.00;0.03;0.00;0.00;-0.10;0.00;0.00;-0.08
6;6;0.00;0.00;0.07;0.00;0.00;0.08;0.00;0.00;0.08
7;1;0.00;0.00;0.55;0.00;0.00;-0.12;0.00;0.00;0.40
8;1;0.00;0.00;-0.17;0.00;0.00;0.54;0.00;0.00;-0.40
9;1;0.00;0.00;-0.38;0.00;0.00;-0.42;0.00;0.00;0.40
10;1;0.00;0.00;0.55;0.00;0.00;-0.12;0.00;0.00;-0.40
11;1;0.00;0.00;-0.17;0.00;0.00;0.54;0.00;0.00;0.40
12;1;0.00;0.00;-0.38;0.00;0.00;-0.42;0.00;0.00;-0.40
16;17;18;;;;;;;;
A;A;A;;;;;;;;
--;1233.6390;1322.6324;1322.6372;;;;;;;
Red.;masses;--;לאנ.62;1.1858;1.1858;;;;;
Frc;consts;--;3.0542;םג.22;םג.22;;;;;
IR;Inten;--;0.0000;0.0000;0.0000;;;;;
Atom;AN;X;Y;Z;X;Y;Z;X;Y;Z
1;6;0.19;0.04;0.00;0.07;0.01;0.00;-0.01;-0.01;0.00
2;6;-0.06;-0.18;0.00;-0.01;-0.02;0.00;0.02;0.07;0.00
3;6;-0.13;0.14;0.00;0.03;-0.04;0.00;0.03;-0.04;0.00
4;6;0.19;0.04;0.00;-0.07;-0.01;0.00;0.01;0.01;0.00
5;6;-0.06;-0.18;0.00;0.01;0.02;0.00;-0.02;-0.07;0.00
6;6;-0.13;0.14;0.00;-0.03;0.04;0.00;-0.03;0.04;0.00
7;1;0.35;0.07;0.00;0.55;0.11;0.00;-0.12;-0.03;0.00
8;1;-0.12;-0.34;0.00;-0.06;-0.17;0.00;0.17;0.52;0.00
9;1;-0.24;0.27;0.00;0.25;-0.29;0.00;0.28;-0.32;0.00
10;1;0.35;0.07;0.00;-0.55;-0.11;0.00;0.12;0.03;0.00
11;1;-0.12;-0.34;0.00;0.06;0.17;0.00;-0.17;-0.52;0.00
12;1;-0.24;0.27;0.00;-0.25;0.29;0.00;-0.28;0.32;0.00
19;20;21;;;;;;;;
A;A;A;;;;;;;;
--;1364.7876;1543.6779;1657.6153;;;;;;;
Red.;masses;--;םג.88;םג.66;םג.99;;;;;
Frc;consts;--;םג.34;םג.02;פוג.01;;;;;
IR;Inten;--;0.0000;0.0000;15.9861;;;;;
Atom;AN;X;Y;Z;X;Y;Z;X;Y;Z
1;6;-0.06;-0.01;0.00;-0.06;-0.01;0.00;0.06;-0.06;0.00
2;6;0.02;0.06;0.00;-0.02;-0.06;0.00;0.05;0.12;0.00
3;6;0.04;-0.05;0.00;0.04;-0.05;0.00;-0.10;0.02;0.00
4;6;-0.06;-0.01;0.00;0.06;0.01;0.00;0.06;-0.06;0.00
5;6;0.02;0.06;0.00;0.02;0.06;0.00;0.05;0.12;0.00
6;6;0.04;-0.05;0.00;-0.04;0.05;0.00;-0.10;0.02;0.00
7;1;0.40;0.08;0.00;0.40;0.08;0.00;-0.18;-0.13;0.00
8;1;-0.13;-0.38;0.00;0.13;0.38;0.00;-0.16;-0.52;0.00
9;1;-0.27;0.30;0.00;-0.27;0.30;0.00;0.16;-0.31;0.00
10;1;0.40;0.08;0.00;-0.40;-0.08;0.00;-0.18;-0.13;0.00
11;1;-0.13;-0.38;0.00;-0.13;-0.38;0.00;-0.16;-0.52;0.00
12;1;-0.27;0.30;0.00;0.27;-0.30;0.00;0.16;-0.31;0.00
22;23;24;;;;;;;;
A;A;A;;;;;;;;
--;1657.6204;1762.8763;1762.8934;;;;;;;
Red.;masses;--;םג.00;אןנ.90;אןנ.92;;;;;
Frc;consts;--;פוג.02;8.0730;8.0735;;;;;
IR;Inten;--;15.9854;0.0000;0.0000;;;;;
Atom;AN;X;Y;Z;X;Y;Z;X;Y;Z
1;6;0.12;0.05;0.00;0.28;0.01;0.00;0.06;0.15;0.00
2;6;-0.07;0.04;0.00;-0.15;-0.01;0.00;-0.06;-0.28;0.00
3;6;0.03;-0.11;0.00;0.21;-0.10;0.00;-0.05;0.21;0.00
4;6;0.12;0.05;0.00;-0.28;-0.01;0.00;-0.06;-0.15;0.00
5;6;-0.07;0.04;0.00;0.15;0.01;0.00;0.06;0.28;0.00
6;6;0.03;-0.11;0.00;-0.21;0.10;0.00;0.05;-0.21;0.00
7;1;-0.51;-0.06;0.00;-0.41;-0.13;0.00;-0.17;0.12;0.00
8;1;-0.12;-0.04;0.00;-0.12;0.14;0.00;0.17;0.41;0.00
9;1;-0.33;0.28;0.00;-0.14;0.32;0.00;0.29;-0.15;0.00
10;1;-0.50;-0.06;0.00;0.41;0.13;0.00;0.17;-0.12;0.00
11;1;-0.12;-0.04;0.00;0.11;-0.14;0.00;-0.17;-0.41;0.00
12;1;-0.33;0.28;0.00;0.14;-0.32;0.00;-0.29;0.15;0.00
25;26;27;;;;;;;;
A;A;A;;;;;;;;
--;3346.6941;3356.6431;3356.6543;;;;;;;
Red.;masses;--;1.0853;1.0884;1.0884;;;;;
Frc;consts;--;7.1618;טכ.51;טכ.51;;;;;
IR;Inten;--;0.0000;0.0000;0.0000;;;;;
Atom;AN;X;Y;Z;X;Y;Z;X;Y;Z
1;6;0.01;-0.03;0.00;0.00;-0.01;0.00;0.01;-0.05;0.00
2;6;-0.03;0.01;0.00;-0.04;0.01;0.00;-0.01;0.01;0.00
3;6;0.03;0.02;0.00;0.03;0.02;0.00;-0.02;-0.02;0.00
4;6;0.01;-0.03;0.00;0.00;0.01;0.00;-0.01;0.05;0.00
5;6;-0.03;0.01;0.00;0.04;-0.01;0.00;0.01;-0.01;0.00
6;6;0.03;0.02;0.00;-0.03;-0.02;0.00;0.02;0.02;0.00
7;1;-0.08;0.40;0.00;-0.02;0.10;0.00;-0.11;0.55;0.00
8;1;0.39;-0.13;0.00;0.51;-0.17;0.00;0.18;-0.06;0.00
9;1;-0.31;-0.27;0.00;-0.33;-0.29;0.00;0.28;0.25;0.00
10;1;-0.08;0.40;0.00;0.02;-0.10;0.00;0.11;-0.55;0.00
11;1;0.39;-0.13;0.00;-0.51;0.17;0.00;-0.18;0.06;0.00
12;1;-0.31;-0.27;0.00;0.33;0.29;0.00;-0.28;-0.25;0.00
28;29;30;;;;;;;;
A;A;A;;;;;;;;
--;3374.9193;3374.9296;3389.3472;;;;;;;
Red.;masses;--;1.0949;1.0949;1.1005;;;;;
Frc;consts;--;טכ.76;טכ.76;טכ.84;;;;;
IR;Inten;--;38.6084;38.6089;0.0000;;;;;
Atom;AN;X;Y;Z;X;Y;Z;X;Y;Z
1;6;0.00;-0.01;0.00;-0.01;0.05;0.00;-0.01;0.04;0.00
2;6;0.05;-0.02;0.00;-0.02;0.00;0.00;-0.04;0.01;0.00
3;6;0.03;0.03;0.00;0.03;0.02;0.00;-0.03;-0.02;0.00
4;6;0.00;-0.01;0.00;-0.01;0.05;0.00;0.01;-0.04;0.00
5;6;0.05;-0.02;0.00;-0.02;0.00;0.00;0.04;-0.01;0.00
6;6;0.03;0.03;0.00;0.03;0.02;0.00;0.03;0.02;0.00
7;1;-0.02;0.10;0.00;0.11;-0.55;0.00;0.08;-0.40;0.00
8;1;-0.51;0.18;0.00;0.18;-0.06;0.00;0.38;-0.13;0.00
9;1;-0.33;-0.29;0.00;-0.28;-0.24;0.00;0.31;0.27;0.00
10;1;-0.02;0.10;0.00;0.11;-0.55;0.00;-0.08;0.40;0.00
11;1;-0.51;0.18;0.00;0.18;-0.06;0.00;-0.38;0.13;0.00
12;1;-0.33;-0.29;0.00;-0.28;-0.24;0.00;-0.31;-0.27;0.00