1 -4.083107579 0.400154970 -6.863696043 C
2 -3.253103802 0.364358799 -7.936649745 C
3 -1.805315171 0.282356989 -7.784631987 C
4 -0.966206510 0.086698288 -8.848816529 C
5 0.456339573 -0.286574551 -8.655783604 C
6 1.394837616 -0.298563631 -9.857901132 C
7 2.863707633 -0.348967432 -9.505602580 C
8 -4.401774131 0.445983459 -4.404113786 C
9 -3.578117872 0.404187720 -5.495035994 C
10 -2.114438588 0.408170850 -5.334081628 C
11 -1.281157351 0.358531468 -6.421874772 C
12 0.206518126 0.567710160 -6.257123367 C
13 1.046325255 -0.140776647 -7.299416640 C
14 2.516201300 -0.076169004 -7.091159174 C
15 3.389530668 -0.242201167 -8.252170731 C
16 4.829846800 -0.209664086 -8.009927214 C
17 -4.707507516 -0.080611485 -1.916101316 C
18 -3.886550955 0.600055730 -2.998333112 C
19 -2.420364451 0.290228221 -2.908137947 C
20 -1.582998427 0.383455690 -3.973639249 C
21 0.727029048 0.313248478 -4.865794058 C
22 2.120115775 0.217234817 -4.683998832 C
23 3.006631517 0.017326874 -5.829107840 C
24 4.447730699 -0.361202317 -5.556612152 C
25 5.361301491 -0.168007547 -6.755548576 C
26 6.784870375 -0.084897772 -6.475462175 C
27 -4.190617056 -0.473416753 -0.739980692 C
28 -2.729881109 -0.417422244 -0.452161993 C
29 -1.846188026 -0.053164695 -1.582747877 C
30 -0.531799119 0.632255098 -1.290570098 C
31 0.407025737 0.434093538 -2.458288161 C
32 1.791908605 0.433089494 -2.260590350 C
33 2.641537002 0.339347245 -3.387806414 C
34 4.080954072 0.567655087 -3.219836702 C
35 5.007320689 0.229049464 -4.286738846 C
36 6.367078238 0.267209396 -4.063647788 C
37 7.261185880 0.079174650 -5.209135718 C
38 -2.207173828 -0.212036752 0.917157340 C
39 -0.876674116 0.019150246 1.148659726 C
40 0.057243680 0.216345004 0.037256734 C
41 1.412568613 0.172582460 0.220601848 C
42 2.341927775 0.343149769 -0.901883108 C
43 3.691025195 0.275763525 -0.694798277 C
44 4.631614369 0.601621632 -1.771588720 C
45 6.083851625 0.400348086 -1.597357797 C
46 6.888443001 0.381882588 -2.708908579 C
47 -0.305224679 0.014143093 2.489736478 C
48 1.036899831 0.022915186 2.684687298 C
49 1.977536207 0.020957210 1.570759946 C
50 3.323583140 -0.102477140 1.744333306 C
51 4.257807593 -0.304989828 0.582780253 C
52 5.696237341 0.109390378 0.813787622 C
53 6.546298996 0.330715125 -0.216574440 C
54 7.967866810 0.334826218 -2.582783850 H
55 7.607304528 0.481544482 -0.030794681 H
56 6.059925283 0.101874900 1.838594594 H
57 3.742031021 -0.178331217 2.746219088 H
58 1.446348189 -0.012422604 3.690449548 H
59 -0.986230839 -0.037687235 3.334325506 H
60 -2.893506322 -0.337578300 1.750242206 H
61 -4.834846479 -0.889515896 0.030739549 H
62 -5.775787946 -0.152821503 -2.100251175 H
63 -5.480652254 0.467263485 -4.536482754 H
64 -5.159878221 0.426747730 -7.003908950 H
65 -3.657847503 0.352832011 -8.944492492 H
66 -1.349727551 0.098022382 -9.864184955 H
67 1.139649386 -1.156636289 -10.493865600 H
68 3.528680205 -0.431740176 -10.361865453 H
69 5.485007038 -0.199393766 -8.878545210 H
70 7.473712131 -0.143047589 -7.314085225 H
71 8.331842741 0.122498959 -5.031091244 H
72 -0.128039390 0.367460025 -3.761974835 C
73 -1.946296870 -1.454989424 -1.227505252 O
74 -4.011162175 2.054146495 -2.609119900 O
75 -3.768590674 2.555147773 -3.404660512 H
76 -0.815014712 2.071690094 -1.161128210 O
77 -1.713235183 2.228598244 -1.499549275 H
78 4.336550173 1.822240446 -2.515562564 O
79 0.608279667 -1.450670199 -7.753929494 O
80 1.126388787 0.851856490 -10.703267734 O
81 1.382543800 1.634953899 -10.192122648 H
82 0.480915936 1.983168402 -6.594800210 O
83 0.196667932 2.508178178 -5.832053524 H
84 4.331437128 -1.829959703 -5.321721483 O
85 5.195731377 -2.119233194 -4.988967807 H
86 4.281350371 -1.776330501 0.286235858 O
87 4.771196211 -2.191330056 1.013757787 H