1 -3.9541 0.4009 -6.8234 C
2 -3.1148 0.2693 -7.9012 C
3 -1.7293 -0.0319 -7.7240 C
4 -0.8287 0.0280 -8.8505 C
5 0.5316 -0.0777 -8.7314 C
6 1.4576 0.1967 -9.8056 C
7 2.8020 0.2393 -9.5953 C
8 -4.3084 0.4417 -4.3710 C
9 -3.4694 0.2459 -5.4893 C
10 -2.0889 -0.0970 -5.2872 C
11 -1.2435 -0.2464 -6.4180 C
12 0.1604 -0.6394 -6.2219 C
13 1.1080 -0.5169 -7.4380 C
14 2.5305 -0.2485 -7.1751 C
15 3.3813 0.0719 -8.2714 C
16 4.7477 0.2403 -8.0361 C
17 -4.6756 0.5500 -1.9162 C
18 -3.8329 0.2876 -3.0730 C
19 -2.4714 -0.1110 -2.8737 C
20 -1.5905 -0.2776 -3.9499 C
21 0.7523 -0.5541 -4.8694 C
22 2.1266 -0.5328 -4.7365 C
23 3.0286 -0.3319 -5.8647 C
24 4.4242 -0.1149 -5.6322 C
25 5.2873 0.1477 -6.7379 C
26 6.6934 0.3592 -6.4982 C
27 -4.1986 0.5121 -0.6417 C
28 -2.8303 0.1474 -0.3583 C
29 -2.0250 -0.3669 -1.4916 C
30 -0.5226 -0.5744 -1.2631 C
31 0.3552 -0.5599 -2.4420 C
32 1.7922 -0.7332 -2.1913 C
33 2.7310 -0.7078 -3.3998 C
34 4.1291 -0.2997 -3.1762 C
35 4.9657 -0.0977 -4.2943 C
36 6.3598 0.1625 -4.0887 C
37 7.2065 0.3640 -5.2348 C
38 -2.2554 0.2265 0.8839 C
39 -0.8376 0.0638 1.1159 C
40 0.0350 -0.2132 0.0507 C
41 1.4492 -0.1435 0.2209 C
42 2.3363 -0.3391 -0.8723 C
43 3.7219 -0.1781 -0.7148 C
44 4.6189 -0.1688 -1.8619 C
45 6.0155 0.0937 -1.6634 C
46 6.8550 0.2240 -2.7767 C
47 -0.2799 0.3200 2.4113 C
48 1.0776 0.3476 2.6093 C
49 1.9869 0.1462 1.5232 C
50 3.3832 0.2223 1.6813 C
51 4.2546 0.0904 0.5974 C
52 5.6806 0.2534 0.7546 C
53 6.5176 0.2526 -0.3187 C
54 7.9143 0.4114 -2.6205 H
55 7.5852 0.4025 -0.1862 H
56 6.0691 0.4056 1.7574 H
57 3.7923 0.4212 2.6686 H
58 1.4846 0.5458 3.5967 H
59 -0.9575 0.5095 3.2389 H
60 -2.8682 0.5257 1.7312 H
61 -4.8423 0.7713 0.1944 H
62 -5.7085 0.8285 -2.1038 H
63 -5.3442 0.7279 -4.5335 H
64 -5.0033 0.6412 -6.9690 H
65 -3.4902 0.4147 -8.9099 H
66 -1.2578 0.2743 -9.8191 H
67 1.0488 0.3868 -10.7942 H
68 3.4787 0.4503 -10.4181 H
69 5.4096 0.4669 -8.8678 H
70 7.3374 0.5327 -7.3555 H
71 8.2660 0.5363 -5.0689 H
72 -0.1520 -0.5156 -3.7215 C